4294967279,534
4294967278,403
4294967278,402
4294967279,341
4294967278,232
4294967279,216
4294967294,81
4294967294,50
4294967294,27
4294967294,22
4294967294,17
4294967294,42
4294967294,99
4294967294,76
4294967294,989
4294967294,26
4294967294,41
4294967294,67
4294967294,46
4294967294,7
4294967294,6
4294967294,43
4294967294,416
4294967294,51
4294967294,52
4294967294,25
4294967294,1035
4294967294,82
4294967294,1022
4294967294,83
4294967278,132
4294967278,131
4294967278,130
4294967278,129
4294967278,128
4294967278,127
4294967278,126
4294967278,125
4294967278,124
4294967278,123
4294967278,122
4294967278,121
4294967278,120
4294967278,119
4294967278,118
4294967278,117
4294967278,116
4294967278,115
4294967278,114
4294967278,113
4294967278,112
4294967278,111
4294967278,110
4294967278,109
4294967278,108
4294967278,107
4294967278,106
4294967278,105
4294967278,104
4294967278,103
4294967278,102
4294967278,101
4294967278,100
4294967278,99
4294967278,98
4294967278,97
4294967278,96
4294967278,95
4294967278,94
4294967278,93
4294967278,92
4294967278,91
4294967278,90
4294967278,89
4294967278,87
4294967278,86
4294967278,82
4294967278,80
4294967278,79
4294967278,78
4294967278,77
4294967278,75
4294967278,71
4294967278,69
4294967278,68
4294967278,67
4294967278,66
4294967278,64
4294967278,60
4294967278,58
4294967278,57
4294967278,56
4294967278,55
4294967278,54
4294967278,53
4294967278,49
4294967278,47
4294967278,46
4294967278,45
4294967278,44
4294967278,42
4294967278,38
4294967279,22
4294967279,20
4294967279,12
4294967279,11
4294967279,10
4294967279,9
4294967279,8
4294967279,7
4294967279,6
4294967279,5
4294967279,4
4294967294,439
4294967278,85
4294967278,84
4294967278,83
4294967278,81
160,5
160,4
160,3
160,2
160,1
4294967278,401
4294967278,76
4294967278,74
4294967278,65
4294967278,73
4294967278,72
4294967278,70
159,5
159,4
4294967278,179
159,3
159,2
159,1
4294967279,180
4294967278,63
4294967278,62
4294967279,176
4294967278,61
4294967278,59
158,6
158,5
158,4
158,3
158,2
158,1
4294967278,52
4294967278,341
4294967278,43
4294967279,551
4294967278,51
4294967278,339
4294967278,50
4294967294,452
4294967294,415
4294967279,306
4294967278,48
4294967279,159
4294967279,156
4294967278,41
4294967279,340
4294967278,40
4294967279,152
4294967278,39
4294967279,150
4294967279,149
4294967279,147
156,6
156,5
156,4
156,3
156,2
156,1
4294967294,442
155,7
4294967279,339
4294967279,338
155,6
4294967279,337
4294967279,138
155,5
4294967279,293
155,4
155,3
155,2
155,1
4294967278,288
4294967278,272
4294967294,458
4294967294,448
4294967279,273
4294967278,270
4294967279,272
4294967279,542
4294967294,429
4294967279,565
4294967278,285
4294967279,535
4294967278,334
4294967279,336
4294967278,359
4294967279,255
0,5
4294967278,253
4294967278,377
4294967278,371
4294967278,305
4294967278,340
4294967278,301
4294967278,381
4294967278,380
4294967279,308
4294967279,552
4294967279,550
4294967279,300
4294967279,571
4294967279,2
4294967279,88
4294967278,243
4294967278,241
4294967279,240
4294967278,237
4294967279,234
150,5
150,4
150,2
150,1
4294967294,5
4294967278,222
4294967294,110
4294967294,408
4294967279,223
4294967278,220
4294967279,218
4294967279,219
4294967278,275
149,5
149,4
149,2
149,1
4294967279,528
4294967279,526
4294967279,527
4294967279,207
4294967279,525
4294967278,400
148,6
148,5
148,4
148,2
148,1
4294967279,521
4294967278,320
4294967278,399
4294967279,516
4294967279,543
4294967278,315
4294967278,313
4294967278,180
146,6
146,5
146,4
146,2
146,1
145,7
4294967278,173
145,6
145,5
4294967279,170
141,5
4294967278,167
145,4
145,3
145,2
145,1
144,4
144,2
144,1
4294967279,545
4294967279,299
4294967279,298
4294967279,297
4294967279,296
4294967279,164
143,4
143,2
143,1
4294967294,396
142,4
142,2
142,1
141,4
141,2
141,1
4294967278,299
4294967279,303
4294967278,338
4294967278,383
4294967279,335
4294967278,294
4294967294,1038
4294967278,385
4294967278,136
4294967278,133
4294967279,275
4294967278,282
4294967279,286
4294967278,365
4294967279,289
4294967278,364
4294967279,269
4294967278,337
140,5
4294967278,280
140,4
4294967279,265
140,2
140,1
4294967279,262
4294967279,540
4294967279,539
4294967294,390
4294967294,184
4294967294,465
4294967278,277
4294967279,323
4294967278,336
4294967279,536
4294967279,564
139,5
4294967278,361
139,4
139,2
139,1
4294967279,532
4294967278,333
4294967278,330
4294967278,251
4294967294,473
4294967278,329
4294967279,253
4294967294,1422
4294967278,398
4294967278,247
4294967278,238
138,6
138,5
138,4
138,2
138,1
4294967278,233
4294967278,231
4294967278,229
4294967278,230
4294967279,230
4294967278,227
4294967279,228
4294967278,221
4294967279,561
4294967279,560
4294967278,213
4294967279,321
4294967278,211
4294967279,212
4294967278,397
4294967278,206
4294967279,210
136,6
136,5
136,4
136,2
136,1
4294967279,208
4294967278,204
4294967279,206
135,7
4294967294,116
4294967294,175
135,6
4294967278,201
4294967279,202
135,5
4294967279,520
4294967279,519
4294967278,198
135,4
135,3
135,2
135,1
4294967279,517
4294967278,195
4294967279,196
4294967279,194
4294967279,193
4294967278,191
4294967279,192
4294967279,187
4294967278,185
4294967279,319
4294967279,574
4294967278,396
4294967278,388
4294967279,555
4294967278,342
4294967294,402
4294967294,180
4294967279,312
4294967278,169
4294967278,370
4294967279,169
4294967278,88
4294967278,2
4294967278,162
4294967278,395
4294967279,334
4294967279,304
130,5
4294967278,151
130,4
130,2
130,1
4294967278,297
4294967278,146
4294967278,145
4294967278,144
4294967279,141
129,5
4294967278,140
129,4
129,2
129,1
4294967279,333
4294967278,274
4294967294,459
4294967294,191
4294967294,463
4294967278,289
4294967279,332
4294967278,134
4294967278,273
4294967278,287
128,6
128,5
128,4
128,2
128,1
4294967279,270
4294967278,279
4294967279,331
4294967279,330
4294967278,394
4294967278,174
4294967278,255
126,6
4294967278,254
126,5
4294967279,252
126,4
4294967278,252
126,2
126,1
125,7
4294967278,356
4294967278,354
4294967278,353
4294967278,352
4294967278,321
4294967278,319
4294967279,522
4294967278,244
4294967278,245
125,6
125,5
4294967294,1424
4294967279,239
125,4
4294967279,232
125,3
125,2
125,1
4294967279,224
4294967294,419
4294967294,1015
4294967294,404
4294967294,454
4294967278,393
4294967278,322
4294967278,205
4294967279,524
4294967279,329
4294967279,311
4294967279,198
4294967279,197
4294967279,558
4294967279,195
4294967278,193
4294967279,515
4294967279,514
4294967279,191
4294967279,190
4294967279,189
4294967279,575
4294967279,188
4294967278,186
4294967279,186
120,5
4294967279,185
120,4
120,2
120,1
4294967278,345
4294967279,184
4294967279,318
4294967278,312
4294967279,317
4294967278,310
4294967279,316
4294967278,311
4294967279,179
4294967279,315
4294967278,343
4294967279,328
4294967279,538
4294967279,175
119,5
4294967279,173
